

dataset: ember
data_class: EmberDataset

training_params:
  optimizer:
    loss_algo: c3_loss
    loss_weight: 0.003195366908255498
  encoder:
    embedding_dim: 3
    representation_dim: 21
    final_dim: 15
    temp: 2.1607120357971996
    sparsity_thresh: 0.33348498215928757
    approx_constant_thresh: 0.6223653359102744
    corruption_factor: 0.012744575276887955
    sample_prior: 0.4548724851049892
    learning_rate_enc: 0.00044568304542578975
    scheduler_gamma: 0.9809658367957548
    num_epochs: 20
    batch_size: 6
    # coarseness: 100
    vicreg_weight: 35
    zeta: 2.8355069719559896
    perturb_both: False
    null_char: 0
  som:
    grid_edge_length: 8
    grid_dim: 3
    learning_rate_som: 0.4974574228554101
    sigma: 0.35238437486971036
    num_epochs_som: 5
    cosine: False

paths:
  train_data_path: '../../../sandbox/data/ember/top_k/ember_large_train.csv'
  test_data_path: '../../../sandbox/data/ember/top_k/ember_large_test.csv'

num_samples_train: 10_000_000
num_samples_test: 10_000_000
num_samples_render: 2500

run_training: True
run_testing: True














