

dataset: emnist
data_class: EMNISTDataset

training_params:
  optimizer:
    loss_algo: contrastive_vicreg
    loss_weight: 0.0007599784096223824
  encoder:
    embedding_dim: 4
    representation_dim: 337
    final_dim: 31
    temp: 2.0361177945494067
    sparsity_thresh: 0.001101834708060802
    approx_constant_thresh: 0.5443606893380765
    corruption_factor: 0.12756679506678426
    sample_prior: 0.02778643798656704
    learning_rate_enc: 1.009059349386102e-05
    scheduler_gamma: 0.959680306134618
    num_epochs: 13
    batch_size: 8
    # coarseness: 50
    vicreg_weight: 78
    zeta: 0.4315899844208623
    perturb_both: True
    null_char: 0
  som:
    grid_edge_length: 2
    grid_dim: 3
    learning_rate_som: 0.05894644862880093
    sigma: 0.442882031878821
    num_epochs_som: 4
    cosine: Euclidean

paths:
  train_data_path: '../../../sandbox/data/emnist_data/emnist_normalized_train.csv'
  test_data_path: '../../../sandbox/data/emnist_data/emnist_normalized_test.csv'

num_samples_train: 10000000
num_samples_test: 10000000
num_samples_render: 2500

run_training: True
run_testing: True














