

dataset: quickdraw
data_class: QuickdrawDataset

training_params:
  optimizer:
    loss_algo: vicreg_only #c3_loss #contrastive_attention_only
    loss_weight: 0.12491900295562665
  encoder:
    embedding_dim: 5
    representation_dim: 266
    final_dim: 25
    temp: 0.20609488616632743
    sparsity_thresh: 0.009349642287994479
    approx_constant_thresh: 0.6272195411535739
    corruption_factor: 0.6706952755143858
    sample_prior: 0.35380832497122877
    learning_rate_enc: 7.127384648581418e-05  #0.003803096713420935
    scheduler_gamma: 0.9273560578434182
    num_epochs: 50
    batch_size: 5
    # coarseness: 100
    vicreg_weight: 36
    zeta: 1.1478219127000329
    perturb_both: True
    null_char: 0
  som:
    grid_edge_length: 2
    grid_dim: 2
    learning_rate_som: 0.0026417538013822437
    sigma: 1.172790671412132
    num_epochs_som: 3
    cosine: Euclidean

paths:
  train_data_path: '../../../sandbox/data/quickdraw/quickdraw_train.csv'
  test_data_path: '../../../sandbox/data/quickdraw/quickdraw_test.csv'

num_samples_train: 25000000
num_samples_test: 25000000
num_samples_render: 2500

run_training: True
run_testing: True














